FID,X_REF,Y_REF
0,874406.73,6550116.26
1,874468.953,6550103.02
2,874531.176,6550089.79
3,874393.497,6550054.03
4,874455.719,6550040.8
5,874517.943,6550027.57
6,874380.263,6549991.81
7,874442.487,6549978.58
8,874504.71,6549965.34
9,874367.031,6549929.59
10,874593.4,6550076.56
11,874655.623,6550063.33
12,874717.846,6550050.09
13,874780.069,6550036.86
14,874580.166,6550014.33
15,874642.39,6550001.1
16,874704.613,6549987.87
17,874766.836,6549974.64
18,874566.933,6549952.11
19,874629.157,6549938.88
20,874691.38,6549925.65
21,874753.603,6549912.41
22,874678.146,6549863.42
23,874740.37,6549850.19
24,874842.292,6550023.63
25,874904.516,6550010.39
26,874966.739,6549997.16
27,874829.059,6549961.4
28,874891.283,6549948.17
29,874953.506,6549934.94
30,875015.729,6549921.7
31,874815.826,6549899.18
32,874878.05,6549885.95
33,874940.273,6549872.71
34,874802.593,6549836.96
35,874864.817,6549823.72
36,875028.963,6549983.93
37,875091.186,6549970.69
38,875153.409,6549957.46
39,875215.632,6549944.23
40,875077.953,6549908.47
41,875140.176,6549895.24
42,875202.4,6549882
43,875002.497,6549859.48
44,875064.719,6549846.25
45,875126.943,6549833.01
46,875189.166,6549819.78
47,875113.71,6549770.79
48,875175.933,6549757.56
49,875277.856,6549930.99
50,875340.079,6549917.76
51,875402.303,6549904.53
52,875264.623,6549868.77
53,875326.846,6549855.54
54,875389.069,6549842.3
55,875251.39,6549806.55
56,875313.613,6549793.31
57,875375.836,6549780.08
58,875238.156,6549744.32
59,875362.603,6549717.86
60,874429.253,6549916.35
61,874491.477,6549903.12
62,874353.797,6549867.36
63,874416.02,6549854.13
64,874478.244,6549840.9
65,874340.564,6549805.14
66,874402.787,6549791.91
67,874465.01,6549778.68
68,874327.331,6549742.92
69,874389.554,6549729.68
70,874451.777,6549716.45
71,874376.321,6549667.46
72,874553.7,6549889.89
73,874615.923,6549876.65
74,874540.467,6549827.67
75,874602.691,6549814.43
76,874664.913,6549801.2
77,874727.137,6549787.97
78,874527.234,6549765.44
79,874589.457,6549752.21
80,874651.681,6549738.97
81,874713.904,6549725.74
82,874514,6549703.22
83,874576.224,6549689.99
84,874638.447,6549676.75
85,874500.768,6549640.99
86,874562.99,6549627.76
87,874927.04,6549810.49
88,874789.36,6549774.73
89,874851.584,6549761.5
90,874913.807,6549748.27
91,874776.127,6549712.51
92,874838.35,6549699.28
93,874900.573,6549686.04
94,874700.671,6549663.52
95,874762.893,6549650.29
96,874825.117,6549637.05
97,874887.34,6549623.82
98,874811.884,6549574.83
99,874874.107,6549561.6
100,874989.263,6549797.26
101,875051.487,6549784.02
102,874976.03,6549735.03
103,875038.253,6549721.8
104,875100.477,6549708.57
105,874962.797,6549672.81
106,875025.02,6549659.58
107,875087.243,6549646.34
108,874949.564,6549610.59
109,875011.787,6549597.35
110,875074.01,6549584.12
111,874936.33,6549548.36
112,874998.554,6549535.13
113,875300.379,6549731.09
114,875162.7,6549695.33
115,875224.923,6549682.1
116,875287.146,6549668.87
117,875349.37,6549655.63
118,875149.467,6549633.11
119,875211.69,6549619.88
120,875273.913,6549606.64
121,875336.137,6549593.41
122,875136.234,6549570.89
123,875198.457,6549557.65
124,875260.68,6549544.42
125,875322.903,6549531.19
126,875185.224,6549495.43
127,875309.67,6549468.96
128,874314.098,6549680.69
129,874438.544,6549654.23
130,874300.864,6549618.47
131,874363.087,6549605.24
132,874425.311,6549592.01
133,874287.632,6549556.25
134,874349.854,6549543.02
135,874412.078,6549529.78
136,874274.398,6549494.02
137,874336.621,6549480.79
138,874398.844,6549467.56
139,874625.214,6549614.53
140,874687.437,6549601.3
141,874487.534,6549578.77
142,874549.757,6549565.54
143,874611.98,6549552.31
144,874674.204,6549539.07
145,874474.301,6549516.55
146,874536.524,6549503.32
147,874598.747,6549490.08
148,874660.971,6549476.85
149,874523.291,6549441.09
150,874585.515,6549427.86
151,874647.738,6549414.63
152,874749.66,6549588.06
153,874736.427,6549525.84
154,874798.651,6549512.61
155,874860.874,6549499.37
156,874923.097,6549486.14
157,874723.194,6549463.62
158,874785.417,6549450.38
159,874847.641,6549437.15
160,874909.864,6549423.92
161,874709.961,6549401.39
162,874772.184,6549388.16
163,874834.408,6549374.93
164,874896.631,6549361.69
165,875060.777,6549521.9
166,875123,6549508.66
167,874985.32,6549472.91
168,875047.544,6549459.67
169,875109.767,6549446.44
170,874972.087,6549410.68
171,875034.311,6549397.45
172,875096.534,6549384.22
173,874958.854,6549348.46
174,875021.077,6549335.23
175,875083.301,6549321.99
176,875070.068,6549259.77
177,875247.447,6549482.2
178,875171.99,6549433.21
179,875234.213,6549419.97
180,875296.437,6549406.74
181,875158.757,6549370.98
182,875220.981,6549357.75
183,875283.204,6549344.52
184,875145.524,6549308.76
185,875207.748,6549295.53
186,875269.971,6549282.29
187,874261.164,6549431.8
188,874323.388,6549418.57
189,874385.611,6549405.34
190,874247.932,6549369.58
191,874310.155,6549356.35
192,874372.378,6549343.11
193,874234.699,6549307.36
194,874296.921,6549294.12
195,874359.145,6549280.89
196,874461.068,6549454.32
197,874447.834,6549392.1
198,874510.058,6549378.87
199,874572.281,6549365.64
200,874634.505,6549352.4
201,874434.602,6549329.88
202,874496.825,6549316.65
203,874559.048,6549303.41
204,874621.272,6549290.18
205,874421.368,6549267.65
206,874483.591,6549254.42
207,874545.815,6549241.19
208,874608.038,6549227.96
209,874696.728,6549339.17
210,874758.951,6549325.94
211,874821.174,6549312.7
212,874683.495,6549276.95
213,874745.718,6549263.71
214,874807.941,6549250.48
215,874670.261,6549214.72
216,874732.485,6549201.49
217,874794.708,6549188.26
218,874883.398,6549299.47
219,874945.621,6549286.24
220,875007.844,6549273
221,874870.164,6549237.25
222,874932.388,6549224.01
223,874994.611,6549210.78
224,874856.931,6549175.02
225,874919.155,6549161.79
226,874981.378,6549148.56
227,875043.601,6549135.32
228,875132.291,6549246.54
229,875194.514,6549233.3
230,875256.738,6549220.07
231,875056.835,6549197.55
232,875119.058,6549184.31
233,875181.281,6549171.08
234,875243.504,6549157.85
235,875105.824,6549122.09
236,875168.047,6549108.86
237,875230.271,6549095.62
